EDGE HUNTER - B1 EURJPY model on yen pairs: R:R 1:4.1 -> 1:6 (fixed scan, step 0.1) and dynamic per-trade R:R (research only)
============================================================================================================================================
far_target : stop 2 x ATR14(M15), target RR x stop.   close_stop : target 2 x ATR, stop 2 x ATR / RR.
dynamic RR = 4.1 + 1.9 x p, p = percentile of |forecast| (strength) or vol_level_z (volatility) among the previous 60 days; _inv = 1 - p.
Entry next minute open after the 15-minute decision bar; 12 h cap; Friday 20:45 UTC exit; spread 0.1 pip; swap 0.5 pip/night (Wed x3).
need% = break-even win rate 1/(1+RR).  time = exits by 12 h or Friday.  R@0.5p / R@1.5p = same trades re-costed with a 0.5 / 1.5 pip spread.
Choice made on EURJPY 2023-11 -> 2025-08 (comparison set) only (net R / max DD, >= 50 trades); rand% = random-direction runs >= the rule.

PART 1 - CHOSEN RULES CHECKED ON EVERY SET
EURJPY 2023-11 -> 2025-08 (comparison set)
  current (keep 5%, both directions) | far_target
    case                               trades  avgRR   win%  need%  losers    avgR     PF    netR  maxDD streak   TP   SL  time  R@0.5p  R@1.5p  rand%
    reference 1:1                         365   1.00   56.7   50.0     158  +0.117   1.29   +42.8  19.41      9  189  141    35  +0.099  +0.053
    best_fixed: fixed 1:5.0               292   5.00   33.9   16.7     193  +0.012   1.02    +3.6  34.43     12   17  171   104  -0.007  -0.054      8
    best_dynamic: dynamic volatility_inv    291   5.26   34.0   16.2     192  +0.008   1.01    +2.3  39.54     12   13  170   108  -0.011  -0.059     10
  current (keep 5%, both directions) | close_stop
    case                               trades  avgRR   win%  need%  losers    avgR     PF    netR  maxDD streak   TP   SL  time  R@0.5p  R@1.5p  rand%
    reference 1:1                         365   1.00   56.7   50.0     158  +0.117   1.29   +42.8  19.41      9  189  141    35  +0.099  +0.053
    best_fixed: fixed 1:5.1               801   5.10   19.5   16.4     645  +0.100   1.12   +80.2  71.14     37  143  642    16  +0.009  -0.217      1
    best_dynamic: dynamic volatility_inv    812   5.20   19.3   16.3     655  +0.099   1.12   +80.2  74.48     38  145  653    14  +0.000  -0.245      0
  strict sell (keep 2%, sell only) | far_target
    case                               trades  avgRR   win%  need%  losers    avgR     PF    netR  maxDD streak   TP   SL  time  R@0.5p  R@1.5p  rand%
    reference 1:1                         103   1.00   67.0   50.0      34  +0.288   1.96   +29.7   8.03      4   61   29    13  +0.266  +0.212
    best_fixed: fixed 1:5.5               100   5.50   37.0   15.4      63  +0.038   1.06    +3.8  14.92      7    4   56    40  +0.016  -0.038     11
    best_dynamic: dynamic strength        100   5.97   37.0   14.4      63  +0.023   1.04    +2.3  15.22      7    2   56    42  +0.001  -0.053     11
  strict sell (keep 2%, sell only) | close_stop
    case                               trades  avgRR   win%  need%  losers    avgR     PF    netR  maxDD streak   TP   SL  time  R@0.5p  R@1.5p  rand%
    reference 1:1                         103   1.00   67.0   50.0      34  +0.288   1.96   +29.7   8.03      4   61   29    13  +0.266  +0.212
    best_fixed: fixed 1:4.9               179   4.90   27.4   17.0     130  +0.460   1.60   +82.3  13.52     11   45  130     4  +0.349  +0.071      0
    best_dynamic: dynamic volatility      174   4.51   29.3   18.3     123  +0.494   1.66   +85.9  15.47     11   47  123     4  +0.395  +0.149      0

EURJPY 2025-09 -> 2026-09
  current (keep 5%, both directions) | far_target
    case                               trades  avgRR   win%  need%  losers    avgR     PF    netR  maxDD streak   TP   SL  time  R@0.5p  R@1.5p  rand%
    reference 1:1                         232   1.00   60.3   50.0      92  +0.193   1.51   +44.7   8.55      4  132   83    17  +0.169  +0.108
    best_fixed: fixed 1:5.0               184   5.00   35.9   16.7     118  +0.033   1.05    +6.0  31.06     10    8  106    70  +0.008  -0.052      3
    best_dynamic: dynamic volatility_inv    184   5.19   35.9   16.3     118  +0.063   1.10   +11.7  31.87     10    8  106    70  +0.039  -0.021      1
  current (keep 5%, both directions) | close_stop
    case                               trades  avgRR   win%  need%  losers    avgR     PF    netR  maxDD streak   TP   SL  time  R@0.5p  R@1.5p  rand%
    reference 1:1                         232   1.00   60.3   50.0      92  +0.193   1.51   +44.7   8.55      4  132   83    17  +0.169  +0.108
    best_fixed: fixed 1:5.1               534   5.10   21.5   16.4     419  +0.214   1.26  +114.3  41.23     17  106  417    11  +0.094  -0.206      0
    best_dynamic: dynamic volatility_inv    525   5.16   21.1   16.4     414  +0.186   1.23   +97.8  30.62     17  102  413    10  +0.060  -0.255      1
  strict sell (keep 2%, sell only) | far_target
    case                               trades  avgRR   win%  need%  losers    avgR     PF    netR  maxDD streak   TP   SL  time  R@0.5p  R@1.5p  rand%
    reference 1:1                          50   1.00   68.0   50.0      16  +0.385   2.48   +19.2   2.36      3   32   12     6  +0.356  +0.286
    best_fixed: fixed 1:5.5                49   5.50   30.6   15.4      34  -0.082   0.86    -4.0  15.75     13    1   27    21  -0.110  -0.180     24
    best_dynamic: dynamic strength         49   5.97   30.6   14.3      34  -0.072   0.88    -3.5  15.75     13    1   27    21  -0.100  -0.171     29
  strict sell (keep 2%, sell only) | close_stop
    case                               trades  avgRR   win%  need%  losers    avgR     PF    netR  maxDD streak   TP   SL  time  R@0.5p  R@1.5p  rand%
    reference 1:1                          50   1.00   68.0   50.0      16  +0.385   2.48   +19.2   2.36      3   32   12     6  +0.356  +0.286
    best_fixed: fixed 1:4.9                99   4.90   22.2   17.0      77  +0.206   1.25   +20.4  14.89     11   20   77     2  +0.066  -0.285      1
    best_dynamic: dynamic volatility       96   4.66   21.9   17.8      75  +0.122   1.15   +11.7  11.56      9   19   75     2  -0.009  -0.338      6

AUDJPY 2026-04 -> 2026-09 (unseen pair)
  current (keep 5%, both directions) | far_target
    case                               trades  avgRR   win%  need%  losers    avgR     PF    netR  maxDD streak   TP   SL  time  R@0.5p  R@1.5p  rand%
    reference 1:1                          94   1.00   75.5   50.0      23  +0.450   2.89   +42.3   2.02      2   64   22     8  +0.420  +0.346
    best_fixed: fixed 1:5.0                71   5.00   57.8   16.7      30  +0.994   3.63   +70.6   3.07      4    7   24    40  +0.963  +0.886      0
    best_dynamic: dynamic volatility_inv     72   5.05   58.3   16.7      30  +0.958   3.57   +68.9   3.07      4    6   24    42  +0.927  +0.851      0
  current (keep 5%, both directions) | close_stop
    case                               trades  avgRR   win%  need%  losers    avgR     PF    netR  maxDD streak   TP   SL  time  R@0.5p  R@1.5p  rand%
    reference 1:1                          94   1.00   75.5   50.0      23  +0.450   2.89   +42.3   2.02      2   64   22     8  +0.420  +0.346
    best_fixed: fixed 1:5.1               224   5.10   26.8   16.4     164  +0.510   1.67  +114.2  10.95      9   55  164     5  +0.367  +0.010      0
    best_dynamic: dynamic volatility_inv    209   4.91   28.7   17.1     149  +0.591   1.80  +123.4  10.01      9   55  148     6  +0.444  +0.076      0
  strict sell (keep 2%, sell only) | far_target
    case                               trades  avgRR   win%  need%  losers    avgR     PF    netR  maxDD streak   TP   SL  time  R@0.5p  R@1.5p  rand%
    reference 1:1                          28   1.00   75.0   50.0       7  +0.456   2.97   +12.8   2.02      2   20    6     2  +0.419  +0.325
    best_fixed: fixed 1:5.5                27   5.50   48.1   15.4      14  +0.752   2.54   +20.3   4.09      4    2   11    14  +0.714  +0.621      1
    best_dynamic: dynamic strength         27   5.84   48.1   14.7      14  +0.680   2.39   +18.4   4.09      4    1   11    15  +0.643  +0.549      4
  strict sell (keep 2%, sell only) | close_stop
    case                               trades  avgRR   win%  need%  losers    avgR     PF    netR  maxDD streak   TP   SL  time  R@0.5p  R@1.5p  rand%
    reference 1:1                          28   1.00   75.0   50.0       7  +0.456   2.97   +12.8   2.02      2   20    6     2  +0.419  +0.325
    best_fixed: fixed 1:4.9                52   4.90   32.7   17.0      35  +0.676   1.95   +35.2   7.69      7   15   35     2  +0.477  -0.020      0
    best_dynamic: dynamic volatility       48   4.57   35.4   18.1      31  +0.708   2.04   +34.0   6.54      6   15   31     2  +0.530  +0.085      0

CADJPY 2026-04 -> 2026-09 (unseen pair)
  current (keep 5%, both directions) | far_target
    case                               trades  avgRR   win%  need%  losers    avgR     PF    netR  maxDD streak   TP   SL  time  R@0.5p  R@1.5p  rand%
    reference 1:1                         116   1.00   62.9   50.0      43  +0.248   1.71   +28.8   5.41      4   70   39     7  +0.211  +0.119
    best_fixed: fixed 1:5.0                85   5.00   40.0   16.7      51  +0.116   1.20    +9.8   8.39      5    3   45    37  +0.078  -0.017      4
    best_dynamic: dynamic volatility_inv     85   4.84   40.0   17.2      51  +0.104   1.18    +8.8   8.39      5    3   45    37  +0.066  -0.028      6
  current (keep 5%, both directions) | close_stop
    case                               trades  avgRR   win%  need%  losers    avgR     PF    netR  maxDD streak   TP   SL  time  R@0.5p  R@1.5p  rand%
    reference 1:1                         116   1.00   62.9   50.0      43  +0.248   1.71   +28.8   5.41      4   70   39     7  +0.211  +0.119
    best_fixed: fixed 1:5.1               247   5.10   24.3   16.4     187  +0.376   1.47   +92.8  24.57     17   56  187     4  +0.189  -0.277      4
    best_dynamic: dynamic volatility_inv    240   4.79   25.4   17.4     179  +0.350   1.45   +84.0   19.2     17   57  179     4  +0.166  -0.294      1
  strict sell (keep 2%, sell only) | far_target
    case                               trades  avgRR   win%  need%  losers    avgR     PF    netR  maxDD streak   TP   SL  time  R@0.5p  R@1.5p  rand%
    reference 1:1                          23   1.00   78.3   50.0       5  +0.564   4.12   +13.0   1.01      1   18    4     1  +0.523  +0.420
    best_fixed: fixed 1:5.5                23   5.50   39.1   15.4      14  +0.261   1.48    +6.0    3.5      4    1   11    11  +0.220  +0.117      1
    best_dynamic: dynamic strength         23   5.98   39.1   14.3      14  +0.281   1.51    +6.5    3.5      4    1   11    11  +0.239  +0.137      2
  strict sell (keep 2%, sell only) | close_stop
    case                               trades  avgRR   win%  need%  losers    avgR     PF    netR  maxDD streak   TP   SL  time  R@0.5p  R@1.5p  rand%
    reference 1:1                          23   1.00   78.3   50.0       5  +0.564   4.12   +13.0   1.01      1   18    4     1  +0.523  +0.420
    best_fixed: fixed 1:4.9                45   4.90   26.7   17.0      33  +0.424   1.55   +19.1   6.32      6   11   33     1  +0.229  -0.258      5
    best_dynamic: dynamic volatility       48   5.33   22.9   15.9      37  +0.257   1.32   +12.3   12.3     11   10   37     1  +0.053  -0.456     17

PART 2 - FULL SCAN
EURJPY 2023-11 -> 2025-08 (comparison set)
  current (keep 5%, both directions) | far_target
    case                               trades  avgRR   win%  need%  losers    avgR     PF    netR  maxDD streak   TP   SL  time  R@0.5p  R@1.5p
    reference 1:1                         365   1.00   56.7   50.0     158  +0.117   1.29   +42.8  19.41      9  189  141    35  +0.099  +0.053
    fixed 1:4.1                           296   4.10   33.8   19.6     196  -0.009   0.98    -2.7  39.72     12   21  174   101  -0.028  -0.076
    fixed 1:4.2                           296   4.20   33.8   19.2     196  -0.014   0.98    -4.3  39.22     12   20  174   102  -0.033  -0.081
    fixed 1:4.3                           296   4.30   33.8   18.9     196  -0.014   0.98    -4.1  38.72     12   19  174   103  -0.033  -0.080
    fixed 1:4.4                           296   4.40   33.8   18.5     196  -0.007   0.99    -2.2  38.22     12   19  174   103  -0.026  -0.074
    fixed 1:4.5                           295   4.50   33.6   18.2     196  -0.016   0.97    -4.8  37.72     12   18  174   103  -0.035  -0.083
    fixed 1:4.6                           295   4.60   33.6   17.9     196  -0.019   0.97    -5.6  37.22     12   17  174   104  -0.038  -0.086
    fixed 1:4.7                           294   4.70   33.7   17.5     195  -0.010   0.98    -2.9  36.72     12   17  173   104  -0.029  -0.076
    fixed 1:4.8                           292   4.80   33.9   17.2     193  +0.001   1.00    +0.2  35.03     12   17  171   104  -0.018  -0.066
    fixed 1:4.9                           292   4.90   33.9   17.0     193  +0.006   1.01    +1.9  34.73     12   17  171   104  -0.013  -0.060
    fixed 1:5.0                           292   5.00   33.9   16.7     193  +0.012   1.02    +3.6  34.43     12   17  171   104  -0.007  -0.054
    fixed 1:5.1                           292   5.10   33.9   16.4     193  -0.007   0.99    -2.2   40.8     12   15  171   106  -0.026  -0.074
    fixed 1:5.2                           291   5.20   34.0   16.1     192  -0.001   1.00    -0.4   40.5     12   14  170   107  -0.020  -0.068
    fixed 1:5.3                           291   5.30   34.0   15.9     192  +0.004   1.01    +1.0   40.2     12   14  170   107  -0.016  -0.063
    fixed 1:5.4                           291   5.40   34.0   15.6     192  +0.008   1.01    +2.4   39.9     12   14  170   107  -0.011  -0.058
    fixed 1:5.5                           291   5.50   34.0   15.4     192  +0.013   1.02    +3.8   39.6     12   14  170   107  -0.006  -0.053
    fixed 1:5.6                           291   5.60   33.7   15.2     193  +0.005   1.01    +1.5  42.11     12   12  171   108  -0.014  -0.061
    fixed 1:5.7                           291   5.70   33.7   14.9     193  +0.009   1.01    +2.7  41.91     12   12  171   108  -0.010  -0.057
    fixed 1:5.8                           291   5.80   33.7   14.7     193  +0.013   1.02    +3.9  41.71     12   12  171   108  -0.005  -0.053
    fixed 1:5.9                           291   5.90   33.7   14.5     193  +0.007   1.01    +2.2  43.99     12   10  171   110  -0.011  -0.059
    fixed 1:6.0                           290   6.00   33.8   14.3     192  +0.007   1.01    +1.9  43.89     12    9  170   111  -0.012  -0.060
    dynamic strength                      291   5.90   33.7   14.5     193  +0.005   1.01    +1.6  43.97     12   10  171   110  -0.013  -0.061
    dynamic strength_inv                  295   4.19   33.6   19.3     196  -0.028   0.95    -8.2  39.42     12   19  174   102  -0.047  -0.095
    dynamic volatility                    293   4.84   33.8   17.3     194  -0.008   0.99    -2.4  36.17     12   17  172   104  -0.027  -0.075
    dynamic volatility_inv                291   5.26   34.0   16.2     192  +0.008   1.01    +2.3  39.54     12   13  170   108  -0.011  -0.059
  current (keep 5%, both directions) | close_stop
    case                               trades  avgRR   win%  need%  losers    avgR     PF    netR  maxDD streak   TP   SL  time  R@0.5p  R@1.5p
    reference 1:1                         365   1.00   56.7   50.0     158  +0.117   1.29   +42.8  19.41      9  189  141    35  +0.099  +0.053
    fixed 1:4.1                           720   4.10   22.9   19.6     555  +0.082   1.10   +58.9  74.46     33  152  552    16  +0.009  -0.174
    fixed 1:4.2                           731   4.20   22.2   19.2     569  +0.070   1.09   +51.0  75.46     35  149  565    17  -0.005  -0.191
    fixed 1:4.3                           733   4.30   22.0   18.9     572  +0.082   1.10   +60.3  76.31     36  148  568    17  +0.006  -0.184
    fixed 1:4.4                           740   4.40   21.8   18.5     579  +0.092   1.12   +68.4  69.59     36  148  575    17  +0.015  -0.180
    fixed 1:4.5                           752   4.50   21.3   18.2     592  +0.087   1.11   +65.3  71.17     37  147  588    17  +0.007  -0.192
    fixed 1:4.6                           758   4.60   21.1   17.9     598  +0.097   1.12   +73.7  68.78     37  147  594    17  +0.016  -0.187
    fixed 1:4.7                           769   4.70   20.8   17.5     609  +0.100   1.12   +77.0  71.59     37  147  605    17  +0.017  -0.191
    fixed 1:4.8                           785   4.80   20.1   17.2     627  +0.082   1.10   +64.0  68.63     37  145  623    17  -0.004  -0.217
    fixed 1:4.9                           792   4.90   19.8   17.0     635  +0.081   1.10   +64.5  71.48     37  144  632    16  -0.006  -0.223
    fixed 1:5.0                           793   5.00   19.7   16.7     637  +0.090   1.11   +71.4  71.89     37  143  634    16  +0.001  -0.221
    fixed 1:5.1                           801   5.10   19.5   16.4     645  +0.100   1.12   +80.2  71.14     37  143  642    16  +0.009  -0.217
    fixed 1:5.2                           808   5.20   18.9   16.1     655  +0.086   1.10   +69.1  83.06     37  140  652    16  -0.007  -0.238
    fixed 1:5.3                           819   5.30   18.4   15.9     668  +0.073   1.09   +59.5  83.58     37  138  665    16  -0.021  -0.257
    fixed 1:5.4                           834   5.40   18.0   15.6     684  +0.061   1.07   +51.2  98.02     38  137  682    15  -0.034  -0.273
    fixed 1:5.5                           838   5.50   18.1   15.4     686  +0.087   1.10   +73.1  84.47     38  139  684    15  -0.010  -0.253
    fixed 1:5.6                           856   5.60   17.9   15.2     703  +0.087   1.10   +74.6  80.54     38  140  701    15  -0.012  -0.260
    fixed 1:5.7                           867   5.70   17.4   14.9     716  +0.080   1.09   +69.2  88.18     38  139  715    13  -0.021  -0.272
    fixed 1:5.8                           878   5.80   17.1   14.7     728  +0.074   1.09   +64.9  89.84     39  138  727    13  -0.028  -0.283
    fixed 1:5.9                           885   5.90   16.8   14.5     736  +0.077   1.09   +68.0  88.54     39  138  735    12  -0.027  -0.286
    fixed 1:6.0                           889   6.00   16.8   14.3     740  +0.087   1.10   +77.0  88.87     39  138  739    12  -0.019  -0.283
    dynamic strength                      883   5.91   16.9   14.5     734  +0.077   1.09   +68.3  86.62     39  138  733    12  -0.027  -0.287
    dynamic strength_inv                  729   4.20   22.2   19.2     567  +0.075   1.09   +54.8  75.68     35  149  563    17  +0.001  -0.184
    dynamic volatility                    797   5.01   19.7   16.8     640  +0.085   1.10   +67.4   74.7     36  145  636    16  +0.003  -0.200
    dynamic volatility_inv                812   5.20   19.3   16.3     655  +0.099   1.12   +80.2  74.48     38  145  653    14  +0.000  -0.245
  strict sell (keep 2%, sell only) | far_target
    case                               trades  avgRR   win%  need%  losers    avgR     PF    netR  maxDD streak   TP   SL  time  R@0.5p  R@1.5p
    reference 1:1                         103   1.00   67.0   50.0      34  +0.288   1.96   +29.7   8.03      4   61   29    13  +0.266  +0.212
    fixed 1:4.1                           100   4.10   37.0   19.6      63  -0.021   0.96    -2.1  18.11      7    7   56    37  -0.043  -0.097
    fixed 1:4.2                           100   4.20   37.0   19.2      63  -0.014   0.98    -1.4  17.81      7    7   56    37  -0.036  -0.090
    fixed 1:4.3                           100   4.30   37.0   18.9      63  -0.012   0.98    -1.2  17.51      7    6   56    38  -0.034  -0.088
    fixed 1:4.4                           100   4.40   37.0   18.5      63  -0.007   0.99    -0.7  17.21      7    5   56    39  -0.029  -0.083
    fixed 1:4.5                           100   4.50   37.0   18.2      63  -0.002   1.00    -0.2  16.91      7    5   56    39  -0.024  -0.078
    fixed 1:4.6                           100   4.60   37.0   17.9      63  +0.003   1.00    +0.3  16.61      7    5   56    39  -0.019  -0.073
    fixed 1:4.7                           100   4.70   37.0   17.5      63  +0.008   1.01    +0.8  16.31      7    5   56    39  -0.014  -0.068
    fixed 1:4.8                           100   4.80   37.0   17.2      63  +0.013   1.02    +1.3  16.01      7    5   56    39  -0.009  -0.063
    fixed 1:4.9                           100   4.90   37.0   17.0      63  +0.018   1.03    +1.8  15.71      7    5   56    39  -0.004  -0.058
    fixed 1:5.0                           100   5.00   37.0   16.7      63  +0.023   1.04    +2.3  15.41      7    5   56    39  +0.001  -0.053
    fixed 1:5.1                           100   5.10   37.0   16.4      63  +0.028   1.05    +2.8  15.11      7    5   56    39  +0.006  -0.048
    fixed 1:5.2                           100   5.20   37.0   16.1      63  +0.026   1.04    +2.6  15.52      7    4   56    40  +0.004  -0.051
    fixed 1:5.3                           100   5.30   37.0   15.9      63  +0.030   1.05    +3.0  15.32      7    4   56    40  +0.008  -0.046
    fixed 1:5.4                           100   5.40   37.0   15.6      63  +0.034   1.06    +3.4  15.12      7    4   56    40  +0.012  -0.043
    fixed 1:5.5                           100   5.50   37.0   15.4      63  +0.038   1.06    +3.8  14.92      7    4   56    40  +0.016  -0.038
    fixed 1:5.6                           100   5.60   37.0   15.2      63  +0.034   1.05    +3.4  14.72      7    3   56    41  +0.012  -0.043
    fixed 1:5.7                           100   5.70   37.0   14.9      63  +0.027   1.04    +2.7  15.47      7    2   56    42  +0.005  -0.050
    fixed 1:5.8                           100   5.80   37.0   14.7      63  +0.029   1.05    +2.9  15.37      7    2   56    42  +0.007  -0.048
    fixed 1:5.9                           100   5.90   37.0   14.5      63  +0.031   1.05    +3.1  15.27      7    2   56    42  +0.009  -0.045
    fixed 1:6.0                           100   6.00   37.0   14.3      63  +0.033   1.05    +3.3  15.17      7    2   56    42  +0.011  -0.043
    dynamic strength                      100   5.97   37.0   14.4      63  +0.023   1.04    +2.3  15.22      7    2   56    42  +0.001  -0.053
    dynamic strength_inv                  100   4.13   37.0   19.5      63  -0.009   0.98    -0.9   18.0      7    7   56    37  -0.031  -0.086
    dynamic volatility                    100   4.53   37.0   18.2      63  +0.018   1.03    +1.8  15.13      7    5   56    39  -0.004  -0.059
    dynamic volatility_inv                100   5.57   37.0   15.3      63  +0.014   1.02    +1.4  16.14      7    3   56    41  -0.008  -0.063
  strict sell (keep 2%, sell only) | close_stop
    case                               trades  avgRR   win%  need%  losers    avgR     PF    netR  maxDD streak   TP   SL  time  R@0.5p  R@1.5p
    reference 1:1                         103   1.00   67.0   50.0      34  +0.288   1.96   +29.7   8.03      4   61   29    13  +0.266  +0.212
    fixed 1:4.1                           167   4.10   30.5   19.6     116  +0.423   1.58   +70.7  15.88     11   47  115     5  +0.332  +0.103
    fixed 1:4.2                           167   4.20   30.5   19.2     116  +0.450   1.62   +75.2  15.59     11   47  115     5  +0.357  +0.123
    fixed 1:4.3                           172   4.30   29.6   18.9     121  +0.431   1.58   +74.2  15.29     11   47  121     4  +0.335  +0.092
    fixed 1:4.4                           173   4.40   29.5   18.5     122  +0.445   1.60   +77.0   15.0     11   47  122     4  +0.346  +0.098
    fixed 1:4.5                           173   4.50   28.9   18.2     123  +0.440   1.58   +76.1   14.7     11   46  123     4  +0.338  +0.085
    fixed 1:4.6                           174   4.60   28.7   17.9     124  +0.456   1.60   +79.4   14.4     11   46  124     4  +0.352  +0.092
    fixed 1:4.7                           174   4.70   28.7   17.5     124  +0.482   1.64   +83.9  14.11     11   46  124     4  +0.376  +0.110
    fixed 1:4.8                           177   4.80   27.7   17.2     128  +0.452   1.59   +80.0  13.81     11   45  128     4  +0.343  +0.072
    fixed 1:4.9                           179   4.90   27.4   17.0     130  +0.460   1.60   +82.3  13.52     11   45  130     4  +0.349  +0.071
    fixed 1:5.0                           181   5.00   27.1   16.7     132  +0.467   1.60   +84.5  14.27     11   45  132     4  +0.354  +0.070
    fixed 1:5.1                           186   5.10   26.3   16.4     137  +0.465   1.61   +86.5  17.06     13   45  137     4  +0.350  +0.063
    fixed 1:5.2                           189   5.20   25.4   16.1     141  +0.433   1.56   +81.8  17.73     14   44  141     4  +0.316  +0.024
    fixed 1:5.3                           192   5.30   24.5   15.9     145  +0.399   1.51   +76.7  20.61     15   43  145     4  +0.281  -0.015
    fixed 1:5.4                           193   5.40   23.3   15.6     148  +0.349   1.44   +67.4  20.33     15   41  148     4  +0.228  -0.074
    fixed 1:5.5                           193   5.50   23.3   15.4     148  +0.370   1.46   +71.3  20.06     15   41  148     4  +0.246  -0.061
    fixed 1:5.6                           194   5.60   23.2   15.2     149  +0.383   1.48   +74.2  20.82     15   41  149     4  +0.257  -0.057
    fixed 1:5.7                           197   5.70   22.3   14.9     153  +0.351   1.43   +69.1  21.29     15   40  153     4  +0.223  -0.096
    fixed 1:5.8                           197   5.80   22.3   14.7     153  +0.370   1.46   +72.9  20.99     15   40  153     4  +0.240  -0.084
    fixed 1:5.9                           198   5.90   22.2   14.5     154  +0.383   1.47   +75.7   20.7     15   40  154     4  +0.250  -0.081
    fixed 1:6.0                           200   6.00   22.0   14.3     156  +0.387   1.47   +77.5  20.43     15   40  156     4  +0.253  -0.084
    dynamic strength                      198   5.97   22.2   14.3     154  +0.393   1.48   +77.8  20.49     15   40  154     4  +0.259  -0.076
    dynamic strength_inv                  167   4.13   30.5   19.5     116  +0.434   1.60   +72.5  15.84     11   47  115     5  +0.342  +0.112
    dynamic volatility                    174   4.51   29.3   18.3     123  +0.494   1.66   +85.9  15.47     11   47  123     4  +0.395  +0.149
    dynamic volatility_inv                195   5.63   22.6   15.2     151  +0.312   1.39   +60.8  20.84     15   40  151     4  +0.183  -0.138

EURJPY 2025-09 -> 2026-09
  current (keep 5%, both directions) | far_target
    case                               trades  avgRR   win%  need%  losers    avgR     PF    netR  maxDD streak   TP   SL  time  R@0.5p  R@1.5p
    reference 1:1                         232   1.00   60.3   50.0      92  +0.193   1.51   +44.7   8.55      4  132   83    17  +0.169  +0.108
    fixed 1:4.1                           184   4.10   35.9   19.6     118  +0.034   1.06    +6.3   30.9     10   16  106    62  +0.010  -0.051
    fixed 1:4.2                           184   4.20   35.9   19.2     118  +0.038   1.06    +7.1   30.7     10   15  106    63  +0.014  -0.046
    fixed 1:4.3                           184   4.30   35.9   18.9     118  +0.039   1.06    +7.2   30.5     10   14  106    64  +0.015  -0.045
    fixed 1:4.4                           184   4.40   35.9   18.5     118  +0.036   1.06    +6.7   30.3     10   12  106    66  +0.012  -0.048
    fixed 1:4.5                           184   4.50   35.9   18.2     118  +0.038   1.06    +7.0   30.1     10   10  106    68  +0.014  -0.047
    fixed 1:4.6                           184   4.60   35.9   17.9     118  +0.043   1.07    +8.0   29.9     10   10  106    68  +0.019  -0.041
    fixed 1:4.7                           184   4.70   35.9   17.5     118  +0.049   1.08    +9.0   29.7     10   10  106    68  +0.025  -0.036
    fixed 1:4.8                           184   4.80   35.9   17.2     118  +0.054   1.09   +10.0   29.5     10   10  106    68  +0.030  -0.030
    fixed 1:4.9                           184   4.90   35.9   17.0     118  +0.050   1.08    +9.1  31.16     10    9  106    69  +0.025  -0.035
    fixed 1:5.0                           184   5.00   35.9   16.7     118  +0.033   1.05    +6.0  31.06     10    8  106    70  +0.008  -0.052
    fixed 1:5.1                           184   5.10   35.9   16.4     118  +0.031   1.05    +5.7  31.87     10    6  106    72  +0.006  -0.054
    fixed 1:5.2                           184   5.20   35.9   16.1     118  +0.034   1.06    +6.2  31.87     10    6  106    72  +0.010  -0.051
    fixed 1:5.3                           184   5.30   35.9   15.9     118  +0.012   1.02    +2.1  31.87     10    5  106    73  -0.013  -0.073
    fixed 1:5.4                           184   5.40   35.9   15.6     118  +0.014   1.02    +2.6  31.87     10    5  106    73  -0.010  -0.070
    fixed 1:5.5                           184   5.50   35.9   15.4     118  +0.017   1.03    +3.1  31.87     10    5  106    73  -0.007  -0.068
    fixed 1:5.6                           184   5.60   35.9   15.2     118  +0.020   1.03    +3.6  31.87     10    5  106    73  -0.004  -0.065
    fixed 1:5.7                           184   5.70   35.9   14.9     118  +0.022   1.04    +4.1  31.87     10    5  106    73  -0.002  -0.062
    fixed 1:5.8                           184   5.80   35.9   14.7     118  +0.025   1.04    +4.6  31.87     10    5  106    73  +0.001  -0.060
    fixed 1:5.9                           184   5.90   35.9   14.5     118  +0.028   1.05    +5.1  31.87     10    5  106    73  +0.004  -0.057
    fixed 1:6.0                           184   6.00   35.9   14.3     118  +0.031   1.05    +5.6  31.87     10    5  106    73  +0.006  -0.054
    dynamic strength                      184   5.93   35.9   14.4     118  +0.028   1.05    +5.2  31.87     10    5  106    73  +0.004  -0.057
    dynamic strength_inv                  184   4.17   35.9   19.4     118  +0.037   1.06    +6.7  30.69     10   15  106    63  +0.012  -0.048
    dynamic volatility                    184   4.91   35.9   17.1     118  -0.008   0.99    -1.5   32.2     10    7  106    71  -0.032  -0.093
    dynamic volatility_inv                184   5.19   35.9   16.3     118  +0.063   1.10   +11.7  31.87     10    8  106    70  +0.039  -0.021
  current (keep 5%, both directions) | close_stop
    case                               trades  avgRR   win%  need%  losers    avgR     PF    netR  maxDD streak   TP   SL  time  R@0.5p  R@1.5p
    reference 1:1                         232   1.00   60.3   50.0      92  +0.193   1.51   +44.7   8.55      4  132   83    17  +0.169  +0.108
    fixed 1:4.1                           481   4.10   24.7   19.6     362  +0.186   1.24   +89.7  30.91     14  111  359    11  +0.090  -0.151
    fixed 1:4.2                           487   4.20   24.4   19.2     368  +0.194   1.25   +94.4  32.08     14  111  365    11  +0.095  -0.152
    fixed 1:4.3                           489   4.30   24.1   18.9     371  +0.201   1.26   +98.0  33.23     14  110  368    11  +0.099  -0.155
    fixed 1:4.4                           496   4.40   23.6   18.5     379  +0.194   1.25   +96.3  35.07     15  109  376    11  +0.091  -0.168
    fixed 1:4.5                           501   4.50   23.5   18.2     383  +0.213   1.27  +106.7  38.99     15  110  380    11  +0.107  -0.158
    fixed 1:4.6                           507   4.60   23.5   17.9     388  +0.222   1.28  +112.4  39.61     16  110  386    11  +0.114  -0.156
    fixed 1:4.7                           511   4.70   23.5   17.5     391  +0.244   1.31  +124.5  39.23     16  111  389    11  +0.133  -0.143
    fixed 1:4.8                           521   4.80   22.8   17.2     402  +0.230   1.29  +119.5  41.95     16  110  400    11  +0.117  -0.165
    fixed 1:4.9                           525   4.90   22.5   17.0     407  +0.229   1.28  +120.2  42.03     16  109  405    11  +0.114  -0.174
    fixed 1:5.0                           528   5.00   22.2   16.7     411  +0.231   1.29  +121.9   40.6     16  108  409    11  +0.113  -0.181
    fixed 1:5.1                           534   5.10   21.5   16.4     419  +0.214   1.26  +114.3  41.23     17  106  417    11  +0.094  -0.206
    fixed 1:5.2                           537   5.20   21.0   16.1     424  +0.207   1.25  +111.5  38.65     17  105  422    10  +0.086  -0.219
    fixed 1:5.3                           542   5.30   20.7   15.9     430  +0.194   1.23  +105.1  44.45     17  103  429    10  +0.070  -0.240
    fixed 1:5.4                           547   5.40   20.5   15.6     435  +0.201   1.24  +110.0  43.23     17  103  435     9  +0.075  -0.241
    fixed 1:5.5                           555   5.50   20.0   15.4     444  +0.190   1.23  +105.3  45.11     18  102  444     9  +0.061  -0.260
    fixed 1:5.6                           562   5.60   19.4   15.2     453  +0.169   1.20   +95.0  52.55     26  100  453     9  +0.038  -0.288
    fixed 1:5.7                           569   5.70   18.3   14.9     465  +0.113   1.13   +64.3  62.58     27   95  465     9  -0.020  -0.353
    fixed 1:5.8                           571   5.80   18.0   14.7     468  +0.114   1.13   +65.0  62.49     27   94  468     9  -0.021  -0.360
    fixed 1:5.9                           572   5.90   18.0   14.5     469  +0.128   1.15   +73.1  60.36     27   94  469     9  -0.010  -0.354
    fixed 1:6.0                           576   6.00   17.9   14.3     473  +0.136   1.16   +78.3  52.28     27   94  473     9  -0.004  -0.354
    dynamic strength                      574   5.95   18.1   14.4     470  +0.143   1.17   +82.3  52.38     27   95  470     9  +0.005  -0.342
    dynamic strength_inv                  484   4.15   24.6   19.4     365  +0.190   1.25   +92.2  30.65     14  111  362    11  +0.093  -0.151
    dynamic volatility                    534   5.03   21.7   16.8     418  +0.191   1.24  +102.2   50.5     27  107  417    10  +0.079  -0.201
    dynamic volatility_inv                525   5.16   21.1   16.4     414  +0.186   1.23   +97.8  30.62     17  102  413    10  +0.060  -0.255
  strict sell (keep 2%, sell only) | far_target
    case                               trades  avgRR   win%  need%  losers    avgR     PF    netR  maxDD streak   TP   SL  time  R@0.5p  R@1.5p
    reference 1:1                          50   1.00   68.0   50.0      16  +0.385   2.48   +19.2   2.36      3   32   12     6  +0.356  +0.286
    fixed 1:4.1                            49   4.10   30.6   19.6      34  -0.032   0.95    -1.6  14.59     13    3   27    19  -0.060  -0.131
    fixed 1:4.2                            49   4.20   30.6   19.2      34  -0.026   0.96    -1.3  14.59     13    3   27    19  -0.054  -0.125
    fixed 1:4.3                            49   4.30   30.6   18.9      34  -0.020   0.97    -1.0  14.59     13    3   27    19  -0.048  -0.118
    fixed 1:4.4                            49   4.40   30.6   18.5      34  -0.014   0.98    -0.7  14.59     13    3   27    19  -0.042  -0.112
    fixed 1:4.5                            49   4.50   30.6   18.2      34  -0.022   0.96    -1.1  14.59     13    2   27    20  -0.050  -0.121
    fixed 1:4.6                            49   4.60   30.6   17.9      34  -0.018   0.97    -0.9  14.59     13    2   27    20  -0.046  -0.117
    fixed 1:4.7                            49   4.70   30.6   17.5      34  -0.014   0.98    -0.7  14.59     13    2   27    20  -0.042  -0.113
    fixed 1:4.8                            49   4.80   30.6   17.2      34  -0.010   0.98    -0.5  14.59     13    2   27    20  -0.038  -0.108
    fixed 1:4.9                            49   4.90   30.6   17.0      34  -0.006   0.99    -0.3  14.59     13    2   27    20  -0.034  -0.104
    fixed 1:5.0                            49   5.00   30.6   16.7      34  -0.002   1.00    -0.1  14.59     13    2   27    20  -0.030  -0.100
    fixed 1:5.1                            49   5.10   30.6   16.4      34  +0.002   1.00    +0.1  14.59     13    2   27    20  -0.026  -0.096
    fixed 1:5.2                            49   5.20   30.6   16.1      34  +0.006   1.01    +0.3  14.59     13    2   27    20  -0.022  -0.092
    fixed 1:5.3                            49   5.30   30.6   15.9      34  -0.086   0.86    -4.2  15.75     13    1   27    21  -0.114  -0.184
    fixed 1:5.4                            49   5.40   30.6   15.6      34  -0.084   0.86    -4.1  15.75     13    1   27    21  -0.112  -0.182
    fixed 1:5.5                            49   5.50   30.6   15.4      34  -0.082   0.86    -4.0  15.75     13    1   27    21  -0.110  -0.180
    fixed 1:5.6                            49   5.60   30.6   15.2      34  -0.080   0.87    -3.9  15.75     13    1   27    21  -0.108  -0.178
    fixed 1:5.7                            49   5.70   30.6   14.9      34  -0.078   0.87    -3.8  15.75     13    1   27    21  -0.106  -0.176
    fixed 1:5.8                            49   5.80   30.6   14.7      34  -0.076   0.87    -3.7  15.75     13    1   27    21  -0.104  -0.174
    fixed 1:5.9                            49   5.90   30.6   14.5      34  -0.074   0.88    -3.6  15.75     13    1   27    21  -0.102  -0.172
    fixed 1:6.0                            49   6.00   30.6   14.3      34  -0.072   0.88    -3.5  15.75     13    1   27    21  -0.100  -0.170
    dynamic strength                       49   5.97   30.6   14.3      34  -0.072   0.88    -3.5  15.75     13    1   27    21  -0.100  -0.171
    dynamic strength_inv                   49   4.13   30.6   19.5      34  -0.030   0.95    -1.5  14.59     13    3   27    19  -0.059  -0.129
    dynamic volatility                     49   4.63   30.6   17.9      34  -0.105   0.82    -5.2  15.75     13    1   27    21  -0.134  -0.204
    dynamic volatility_inv                 49   5.47   30.6   15.5      34  -0.003   0.99    -0.1  14.59     13    2   27    20  -0.031  -0.101
  strict sell (keep 2%, sell only) | close_stop
    case                               trades  avgRR   win%  need%  losers    avgR     PF    netR  maxDD streak   TP   SL  time  R@0.5p  R@1.5p
    reference 1:1                          50   1.00   68.0   50.0      16  +0.385   2.48   +19.2   2.36      3   32   12     6  +0.356  +0.286
    fixed 1:4.1                            90   4.10   25.6   19.6      67  +0.205   1.27   +18.4  10.53      8   21   67     2  +0.087  -0.207
    fixed 1:4.2                            90   4.20   26.7   19.2      66  +0.285   1.38   +25.6  10.44      8   22   66     2  +0.164  -0.139
    fixed 1:4.3                            91   4.30   26.4   18.9      67  +0.294   1.38   +26.7  11.38      9   22   67     2  +0.170  -0.139
    fixed 1:4.4                            93   4.40   25.8   18.5      69  +0.290   1.38   +27.0   11.3      9   22   69     2  +0.164  -0.150
    fixed 1:4.5                            94   4.50   25.5   18.2      70  +0.299   1.39   +28.1  11.21      9   22   70     2  +0.170  -0.151
    fixed 1:4.6                            95   4.60   24.2   17.9      72  +0.252   1.32   +23.9  11.13      9   21   72     2  +0.120  -0.210
    fixed 1:4.7                            96   4.70   25.0   17.5      72  +0.319   1.41   +30.6  10.93      9   22   72     2  +0.183  -0.155
    fixed 1:4.8                            97   4.80   23.7   17.2      74  +0.269   1.34   +26.1  11.88      9   21   74     2  +0.131  -0.215
    fixed 1:4.9                            99   4.90   22.2   17.0      77  +0.206   1.25   +20.4  14.89     11   20   77     2  +0.066  -0.285
    fixed 1:5.0                            99   5.00   22.2   16.7      77  +0.226   1.28   +22.4   14.8     11   20   77     2  +0.083  -0.276
    fixed 1:5.1                            99   5.10   22.2   16.4      77  +0.246   1.30   +24.3  14.72     11   20   77     2  +0.100  -0.266
    fixed 1:5.2                           101   5.20   21.8   16.1      79  +0.240   1.29   +24.2  14.63     11   20   79     2  +0.091  -0.282
    fixed 1:5.3                           103   5.30   20.4   15.9      82  +0.173   1.21   +17.8  14.55     11   19   82     2  +0.021  -0.359
    fixed 1:5.4                           104   5.40   20.2   15.6      83  +0.179   1.22   +18.6  14.47     11   19   83     2  +0.024  -0.364
    fixed 1:5.5                           105   5.50   20.0   15.4      84  +0.185   1.22   +19.4  14.38     11   19   84     2  +0.027  -0.369
    fixed 1:5.6                           105   5.60   20.0   15.2      84  +0.203   1.24   +21.3   14.3     11   19   84     2  +0.042  -0.362
    fixed 1:5.7                           108   5.70   15.7   14.9      91  -0.059   0.93    -6.3  22.95     22   15   91     2  -0.224  -0.636
    fixed 1:5.8                           109   5.80   15.6   14.7      92  -0.055   0.94    -6.0  22.97     22   15   92     2  -0.223  -0.643
    fixed 1:5.9                           109   5.90   15.6   14.5      92  -0.041   0.95    -4.5  22.98     22   15   92     2  -0.212  -0.640
    fixed 1:6.0                           109   6.00   16.5   14.3      91  +0.036   1.04    +4.0   23.0     22   16   91     2  -0.138  -0.573
    dynamic strength                      109   5.98   16.5   14.3      91  +0.033   1.04    +3.6   23.0     22   16   91     2  -0.140  -0.573
    dynamic strength_inv                   89   4.12   27.0   19.5      65  +0.281   1.37   +25.0  10.52      8   22   65     2  +0.163  -0.132
    dynamic volatility                     96   4.66   21.9   17.8      75  +0.122   1.15   +11.7  11.56      9   19   75     2  -0.009  -0.338
    dynamic volatility_inv                102   5.51   19.6   15.4      82  +0.146   1.17   +14.8  22.95     22   18   82     2  -0.015  -0.418

AUDJPY 2026-04 -> 2026-09 (unseen pair)
  current (keep 5%, both directions) | far_target
    case                               trades  avgRR   win%  need%  losers    avgR     PF    netR  maxDD streak   TP   SL  time  R@0.5p  R@1.5p
    reference 1:1                          94   1.00   75.5   50.0      23  +0.450   2.89   +42.3   2.02      2   64   22     8  +0.420  +0.346
    fixed 1:4.1                            73   4.10   57.5   19.6      31  +0.898   3.35   +65.6   3.07      4   13   25    35  +0.868  +0.791
    fixed 1:4.2                            73   4.20   57.5   19.2      31  +0.916   3.40   +66.9   3.07      4   13   25    35  +0.885  +0.809
    fixed 1:4.3                            73   4.30   57.5   18.9      31  +0.928   3.43   +67.7   3.07      4   11   25    37  +0.897  +0.821
    fixed 1:4.4                            72   4.40   58.3   18.5      30  +0.970   3.60   +69.8   3.07      4   11   24    37  +0.939  +0.863
    fixed 1:4.5                            72   4.50   58.3   18.2      30  +0.985   3.64   +70.9   3.07      4   11   24    37  +0.955  +0.879
    fixed 1:4.6                            72   4.60   58.3   17.9      30  +0.984   3.64   +70.8   3.07      4   10   24    38  +0.954  +0.877
    fixed 1:4.7                            72   4.70   58.3   17.5      30  +0.998   3.67   +71.8   3.07      4   10   24    38  +0.967  +0.891
    fixed 1:4.8                            72   4.80   58.3   17.2      30  +1.012   3.71   +72.8   3.07      4   10   24    38  +0.981  +0.905
    fixed 1:4.9                            71   4.90   57.8   17.0      30  +0.991   3.62   +70.3   3.07      4    9   24    38  +0.960  +0.883
    fixed 1:5.0                            71   5.00   57.8   16.7      30  +0.994   3.63   +70.6   3.07      4    7   24    40  +0.963  +0.886
    fixed 1:5.1                            71   5.10   57.8   16.4      30  +1.004   3.65   +71.3   3.07      4    7   24    40  +0.973  +0.896
    fixed 1:5.2                            71   5.20   57.8   16.1      30  +1.014   3.68   +72.0   3.07      4    7   24    40  +0.983  +0.906
    fixed 1:5.3                            71   5.30   57.8   15.9      30  +1.024   3.71   +72.7   3.07      4    7   24    40  +0.993  +0.916
    fixed 1:5.4                            71   5.40   57.8   15.6      30  +0.978   3.58   +69.4   3.07      4    5   24    42  +0.947  +0.870
    fixed 1:5.5                            71   5.50   57.8   15.4      30  +0.958   3.53   +68.0   3.07      4    4   24    43  +0.927  +0.850
    fixed 1:5.6                            71   5.60   57.8   15.2      30  +0.963   3.55   +68.4   3.07      4    4   24    43  +0.932  +0.856
    fixed 1:5.7                            71   5.70   57.8   14.9      30  +0.969   3.56   +68.8   3.07      4    4   24    43  +0.938  +0.861
    fixed 1:5.8                            71   5.80   57.8   14.7      30  +0.975   3.58   +69.2   3.07      4    4   24    43  +0.944  +0.867
    fixed 1:5.9                            71   5.90   57.8   14.5      30  +0.980   3.59   +69.6   3.07      4    4   24    43  +0.949  +0.873
    fixed 1:6.0                            71   6.00   57.8   14.3      30  +0.914   3.42   +64.9   3.07      4    2   24    45  +0.884  +0.807
    dynamic strength                       71   5.88   57.8   14.5      30  +0.959   3.53   +68.1   3.07      4    3   24    44  +0.928  +0.851
    dynamic strength_inv                   73   4.22   57.5   19.2      31  +0.911   3.39   +66.5   3.07      4   13   25    35  +0.881  +0.804
    dynamic volatility                     71   5.04   57.8   16.7      30  +0.966   3.55   +68.5   3.07      4    7   24    40  +0.935  +0.858
    dynamic volatility_inv                 72   5.05   58.3   16.7      30  +0.958   3.57   +68.9   3.07      4    6   24    42  +0.927  +0.851
  current (keep 5%, both directions) | close_stop
    case                               trades  avgRR   win%  need%  losers    avgR     PF    netR  maxDD streak   TP   SL  time  R@0.5p  R@1.5p
    reference 1:1                          94   1.00   75.5   50.0      23  +0.450   2.89   +42.3   2.02      2   64   22     8  +0.420  +0.346
    fixed 1:4.1                           196   4.10   32.1   19.6     133  +0.530   1.76  +103.9  10.18      9   58  132     6  +0.415  +0.129
    fixed 1:4.2                           195   4.20   32.3   19.2     132  +0.568   1.81  +110.7  10.08      9   58  131     6  +0.450  +0.156
    fixed 1:4.3                           196   4.30   31.6   18.9     134  +0.562   1.80  +110.1   9.98      9   57  133     6  +0.442  +0.141
    fixed 1:4.4                           200   4.40   30.5   18.5     139  +0.531   1.74  +106.2   9.89      9   56  139     5  +0.408  +0.101
    fixed 1:4.5                           202   4.50   30.2   18.2     141  +0.543   1.75  +109.7    9.8      9   56  141     5  +0.417  +0.101
    fixed 1:4.6                           205   4.60   29.8   17.9     144  +0.547   1.75  +112.1    9.7      9   56  144     5  +0.418  +0.095
    fixed 1:4.7                           206   4.70   29.6   17.5     145  +0.566   1.78  +116.7   9.61      9   56  145     5  +0.434  +0.104
    fixed 1:4.8                           212   4.80   28.3   17.2     152  +0.520   1.70  +110.2   9.87      9   55  152     5  +0.385  +0.047
    fixed 1:4.9                           215   4.90   27.9   17.0     155  +0.523   1.70  +112.6   9.53      9   55  155     5  +0.385  +0.039
    fixed 1:5.0                           221   5.00   27.2   16.7     161  +0.506   1.67  +111.9  10.35      9   55  161     5  +0.366  +0.016
    fixed 1:5.1                           224   5.10   26.8   16.4     164  +0.510   1.67  +114.2  10.95      9   55  164     5  +0.367  +0.010
    fixed 1:5.2                           224   5.20   26.8   16.1     164  +0.534   1.70  +119.7  10.52      9   55  164     5  +0.389  +0.024
    fixed 1:5.3                           228   5.30   25.9   15.9     169  +0.504   1.65  +115.0  12.13      9   54  169     5  +0.356  -0.015
    fixed 1:5.4                           229   5.40   25.8   15.6     170  +0.521   1.67  +119.3   11.7      9   54  170     5  +0.370  -0.008
    fixed 1:5.5                           230   5.50   25.7   15.4     171  +0.538   1.70  +123.8  12.29     10   54  171     5  +0.385  +0.000
    fixed 1:5.6                           230   5.60   25.7   15.2     171  +0.562   1.73  +129.2  11.86     10   54  171     5  +0.405  +0.014
    fixed 1:5.7                           231   5.70   25.1   14.9     173  +0.550   1.71  +127.1  11.75     10   53  173     5  +0.391  -0.009
    fixed 1:5.8                           231   5.80   24.7   14.7     174  +0.544   1.69  +125.6  12.68     10   52  174     5  +0.381  -0.024
    fixed 1:5.9                           234   5.90   24.4   14.5     177  +0.545   1.69  +127.6  13.34     10   52  177     5  +0.381  -0.031
    fixed 1:6.0                           234   6.00   24.4   14.3     177  +0.568   1.72  +132.8  13.01     10   52  177     5  +0.400  -0.019
    dynamic strength                      234   5.91   24.4   14.5     177  +0.553   1.70  +129.5  13.24     10   52  177     5  +0.389  -0.024
    dynamic strength_inv                  196   4.20   32.1   19.3     133  +0.549   1.78  +107.6   10.1      9   58  132     6  +0.431  +0.136
    dynamic volatility                    224   5.28   26.8   16.1     164  +0.503   1.66  +112.6  13.41     10   55  164     5  +0.364  +0.019
    dynamic volatility_inv                209   4.91   28.7   17.1     149  +0.591   1.80  +123.4  10.01      9   55  148     6  +0.444  +0.076
  strict sell (keep 2%, sell only) | far_target
    case                               trades  avgRR   win%  need%  losers    avgR     PF    netR  maxDD streak   TP   SL  time  R@0.5p  R@1.5p
    reference 1:1                          28   1.00   75.0   50.0       7  +0.456   2.97   +12.8   2.02      2   20    6     2  +0.419  +0.325
    fixed 1:4.1                            27   4.10   48.1   19.6      14  +0.747   2.53   +20.2   4.09      4    5   11    11  +0.709  +0.616
    fixed 1:4.2                            27   4.20   48.1   19.2      14  +0.765   2.57   +20.7   4.09      4    5   11    11  +0.728  +0.634
    fixed 1:4.3                            27   4.30   48.1   18.9      14  +0.784   2.61   +21.2   4.09      4    5   11    11  +0.746  +0.653
    fixed 1:4.4                            27   4.40   48.1   18.5      14  +0.802   2.64   +21.7   4.09      4    5   11    11  +0.765  +0.671
    fixed 1:4.5                            27   4.50   48.1   18.2      14  +0.821   2.68   +22.2   4.09      4    5   11    11  +0.783  +0.690
    fixed 1:4.6                            27   4.60   48.1   17.9      14  +0.839   2.72   +22.7   4.09      4    5   11    11  +0.802  +0.708
    fixed 1:4.7                            27   4.70   48.1   17.5      14  +0.858   2.76   +23.2   4.09      4    5   11    11  +0.820  +0.727
    fixed 1:4.8                            27   4.80   48.1   17.2      14  +0.876   2.80   +23.7   4.09      4    5   11    11  +0.839  +0.745
    fixed 1:4.9                            27   4.90   48.1   17.0      14  +0.737   2.51   +19.9   4.09      4    3   11    13  +0.699  +0.606
    fixed 1:5.0                            27   5.00   48.1   16.7      14  +0.748   2.53   +20.2   4.09      4    3   11    13  +0.711  +0.617
    fixed 1:5.1                            27   5.10   48.1   16.4      14  +0.759   2.56   +20.5   4.09      4    3   11    13  +0.722  +0.628
    fixed 1:5.2                            27   5.20   48.1   16.1      14  +0.770   2.58   +20.8   4.09      4    3   11    13  +0.733  +0.639
    fixed 1:5.3                            27   5.30   48.1   15.9      14  +0.737   2.51   +19.9   4.09      4    2   11    14  +0.700  +0.606
    fixed 1:5.4                            27   5.40   48.1   15.6      14  +0.744   2.52   +20.1   4.09      4    2   11    14  +0.707  +0.613
    fixed 1:5.5                            27   5.50   48.1   15.4      14  +0.752   2.54   +20.3   4.09      4    2   11    14  +0.714  +0.621
    fixed 1:5.6                            27   5.60   48.1   15.2      14  +0.759   2.56   +20.5   4.09      4    2   11    14  +0.722  +0.628
    fixed 1:5.7                            27   5.70   48.1   14.9      14  +0.766   2.57   +20.7   4.09      4    2   11    14  +0.729  +0.636
    fixed 1:5.8                            27   5.80   48.1   14.7      14  +0.774   2.59   +20.9   4.09      4    2   11    14  +0.737  +0.643
    fixed 1:5.9                            27   5.90   48.1   14.5      14  +0.677   2.39   +18.3   4.09      4    1   11    15  +0.640  +0.547
    fixed 1:6.0                            27   6.00   48.1   14.3      14  +0.681   2.40   +18.4   4.09      4    1   11    15  +0.644  +0.550
    dynamic strength                       27   5.84   48.1   14.7      14  +0.680   2.39   +18.4   4.09      4    1   11    15  +0.643  +0.549
    dynamic strength_inv                   27   4.26   48.1   19.1      14  +0.751   2.54   +20.3   4.09      4    5   11    11  +0.714  +0.621
    dynamic volatility                     27   4.65   48.1   17.8      14  +0.703   2.44   +19.0   4.09      4    4   11    12  +0.666  +0.572
    dynamic volatility_inv                 27   5.45   48.1   15.6      14  +0.761   2.56   +20.6   4.09      4    2   11    14  +0.724  +0.631
  strict sell (keep 2%, sell only) | close_stop
    case                               trades  avgRR   win%  need%  losers    avgR     PF    netR  maxDD streak   TP   SL  time  R@0.5p  R@1.5p
    reference 1:1                          28   1.00   75.0   50.0       7  +0.456   2.97   +12.8   2.02      2   20    6     2  +0.419  +0.325
    fixed 1:4.1                            46   4.10   37.0   19.6      29  +0.652   1.99   +30.0   6.52      6   15   29     2  +0.488  +0.077
    fixed 1:4.2                            46   4.20   37.0   19.2      29  +0.683   2.03   +31.4   6.53      6   15   29     2  +0.515  +0.095
    fixed 1:4.3                            46   4.30   37.0   18.9      29  +0.715   2.08   +32.9   6.54      6   15   29     2  +0.543  +0.112
    fixed 1:4.4                            46   4.40   37.0   18.5      29  +0.746   2.12   +34.3   6.56      6   15   29     2  +0.570  +0.130
    fixed 1:4.5                            46   4.50   37.0   18.2      29  +0.777   2.17   +35.8   6.57      6   15   29     2  +0.597  +0.147
    fixed 1:4.6                            48   4.60   35.4   17.9      31  +0.731   2.07   +35.1   6.58      6   15   31     2  +0.547  +0.087
    fixed 1:4.7                            49   4.70   34.7   17.5      32  +0.724   2.05   +35.5   7.42      7   15   32     2  +0.534  +0.059
    fixed 1:4.8                            50   4.80   34.0   17.2      33  +0.717   2.03   +35.9   7.43      7   15   33     2  +0.523  +0.039
    fixed 1:4.9                            52   4.90   32.7   17.0      35  +0.676   1.95   +35.2   7.69      7   15   35     2  +0.477  -0.020
    fixed 1:5.0                            52   5.00   32.7   16.7      35  +0.704   1.99   +36.6    7.7      7   15   35     2  +0.501  -0.007
    fixed 1:5.1                            52   5.10   32.7   16.4      35  +0.732   2.02   +38.0   7.71      7   15   35     2  +0.524  +0.006
    fixed 1:5.2                            52   5.20   32.7   16.1      35  +0.759   2.06   +39.5   7.73      7   15   35     2  +0.548  +0.020
    fixed 1:5.3                            52   5.30   30.8   15.9      36  +0.671   1.91   +34.9    8.8      8   14   36     2  +0.456  -0.082
    fixed 1:5.4                            53   5.40   30.2   15.6      37  +0.664   1.90   +35.2   8.82      8   14   37     2  +0.447  -0.098
    fixed 1:5.5                            53   5.50   30.2   15.4      37  +0.695   1.94   +36.8   8.54      8   14   37     2  +0.473  -0.081
    fixed 1:5.6                            53   5.60   30.2   15.2      37  +0.721   1.98   +38.2   8.55      8   14   37     2  +0.495  -0.070
    fixed 1:5.7                            53   5.70   30.2   14.9      37  +0.746   2.01   +39.5   8.56      8   14   37     2  +0.516  -0.059
    fixed 1:5.8                            53   5.80   30.2   14.7      37  +0.771   2.04   +40.9   8.57      8   14   37     2  +0.537  -0.047
    fixed 1:5.9                            53   5.90   30.2   14.5      37  +0.796   2.08   +42.2   8.58      8   14   37     2  +0.559  -0.036
    fixed 1:6.0                            53   6.00   30.2   14.3      37  +0.822   2.11   +43.6   8.59      8   14   37     2  +0.580  -0.025
    dynamic strength                       53   5.86   30.2   14.6      37  +0.803   2.08   +42.5   8.58      8   14   37     2  +0.566  -0.026
    dynamic strength_inv                   47   4.26   36.2   19.1      30  +0.638   1.95   +30.0   6.52      6   15   30     2  +0.468  +0.044
    dynamic volatility                     48   4.57   35.4   18.1      31  +0.708   2.04   +34.0   6.54      6   15   31     2  +0.530  +0.085
    dynamic volatility_inv                 52   5.58   30.8   15.3      36  +0.745   2.02   +38.7   8.58      8   14   36     2  +0.515  -0.059

CADJPY 2026-04 -> 2026-09 (unseen pair)
  current (keep 5%, both directions) | far_target
    case                               trades  avgRR   win%  need%  losers    avgR     PF    netR  maxDD streak   TP   SL  time  R@0.5p  R@1.5p
    reference 1:1                         116   1.00   62.9   50.0      43  +0.248   1.71   +28.8   5.41      4   70   39     7  +0.211  +0.119
    fixed 1:4.1                            85   4.10   40.0   19.6      51  +0.095   1.17    +8.1   8.39      5    4   45    36  +0.057  -0.038
    fixed 1:4.2                            85   4.20   40.0   19.2      51  +0.100   1.17    +8.5   8.39      5    4   45    36  +0.062  -0.033
    fixed 1:4.3                            85   4.30   40.0   18.9      51  +0.104   1.18    +8.9   8.39      5    4   45    36  +0.066  -0.028
    fixed 1:4.4                            85   4.40   40.0   18.5      51  +0.109   1.19    +9.3   8.39      5    4   45    36  +0.071  -0.024
    fixed 1:4.5                            85   4.50   40.0   18.2      51  +0.114   1.20    +9.7   8.39      5    4   45    36  +0.076  -0.019
    fixed 1:4.6                            85   4.60   40.0   17.9      51  +0.118   1.21   +10.1   8.39      5    4   45    36  +0.081  -0.014
    fixed 1:4.7                            85   4.70   40.0   17.5      51  +0.105   1.19    +8.9   8.39      5    3   45    37  +0.067  -0.027
    fixed 1:4.8                            85   4.80   40.0   17.2      51  +0.109   1.19    +9.2   8.39      5    3   45    37  +0.071  -0.024
    fixed 1:4.9                            85   4.90   40.0   17.0      51  +0.112   1.20    +9.6   8.39      5    3   45    37  +0.074  -0.020
    fixed 1:5.0                            85   5.00   40.0   16.7      51  +0.116   1.20    +9.8   8.39      5    3   45    37  +0.078  -0.017
    fixed 1:5.1                            85   5.10   40.0   16.4      51  +0.119   1.21   +10.2   8.39      5    3   45    37  +0.082  -0.013
    fixed 1:5.2                            85   5.20   40.0   16.1      51  +0.123   1.22   +10.4   8.39      5    3   45    37  +0.085  -0.009
    fixed 1:5.3                            85   5.30   40.0   15.9      51  +0.070   1.12    +5.9  10.24      5    1   45    39  +0.032  -0.063
    fixed 1:5.4                            85   5.40   40.0   15.6      51  +0.071   1.12    +6.0  10.24      5    1   45    39  +0.033  -0.062
    fixed 1:5.5                            85   5.50   40.0   15.4      51  +0.072   1.13    +6.1  10.24      5    1   45    39  +0.034  -0.060
    fixed 1:5.6                            85   5.60   40.0   15.2      51  +0.073   1.13    +6.2  10.24      5    1   45    39  +0.035  -0.059
    fixed 1:5.7                            85   5.70   40.0   14.9      51  +0.074   1.13    +6.3  10.24      5    1   45    39  +0.037  -0.058
    fixed 1:5.8                            85   5.80   40.0   14.7      51  +0.076   1.13    +6.4  10.24      5    1   45    39  +0.038  -0.057
    fixed 1:5.9                            85   5.90   40.0   14.5      51  +0.077   1.14    +6.5  10.24      5    1   45    39  +0.039  -0.056
    fixed 1:6.0                            85   6.00   40.0   14.3      51  +0.078   1.14    +6.6  10.24      5    1   45    39  +0.040  -0.054
    dynamic strength                       85   5.87   40.0   14.6      51  +0.076   1.13    +6.5  10.24      5    1   45    39  +0.039  -0.056
    dynamic strength_inv                   85   4.23   40.0   19.2      51  +0.099   1.17    +8.4   8.39      5    4   45    36  +0.061  -0.033
    dynamic volatility                     85   5.26   40.0   16.1      51  +0.059   1.10    +5.0  10.24      5    1   45    39  +0.021  -0.074
    dynamic volatility_inv                 85   4.84   40.0   17.2      51  +0.104   1.18    +8.8   8.39      5    3   45    37  +0.066  -0.028
  current (keep 5%, both directions) | close_stop
    case                               trades  avgRR   win%  need%  losers    avgR     PF    netR  maxDD streak   TP   SL  time  R@0.5p  R@1.5p
    reference 1:1                         116   1.00   62.9   50.0      43  +0.248   1.71   +28.8   5.41      4   70   39     7  +0.211  +0.119
    fixed 1:4.1                           225   4.10   27.6   19.6     163  +0.309   1.41   +69.6  17.17     15   58  163     4  +0.159  -0.216
    fixed 1:4.2                           226   4.20   27.4   19.2     164  +0.332   1.44   +75.0  17.01     16   58  164     4  +0.179  -0.203
    fixed 1:4.3                           227   4.30   26.9   18.9     166  +0.328   1.43   +74.5  17.89     16   57  166     4  +0.172  -0.220
    fixed 1:4.4                           229   4.40   26.2   18.5     169  +0.319   1.42   +73.0  18.76     17   56  169     4  +0.159  -0.241
    fixed 1:4.5                           230   4.50   26.5   18.2     169  +0.359   1.47   +82.7   18.6     17   57  169     4  +0.196  -0.213
    fixed 1:4.6                           232   4.60   26.3   17.9     171  +0.372   1.48   +86.2  18.53     17   57  171     4  +0.205  -0.211
    fixed 1:4.7                           232   4.70   25.9   17.5     172  +0.372   1.48   +86.3  23.77     17   56  172     4  +0.203  -0.221
    fixed 1:4.8                           239   4.80   25.1   17.2     179  +0.353   1.45   +84.4   23.7     17   56  179     4  +0.179  -0.258
    fixed 1:4.9                           243   4.90   24.7   17.0     183  +0.354   1.45   +86.0  24.71     17   56  183     4  +0.175  -0.273
    fixed 1:5.0                           245   5.00   24.5   16.7     185  +0.365   1.46   +89.4  24.64     17   56  185     4  +0.182  -0.275
    fixed 1:5.1                           247   5.10   24.3   16.4     187  +0.376   1.47   +92.8  24.57     17   56  187     4  +0.189  -0.277
    fixed 1:5.2                           255   5.20   23.5   16.1     195  +0.353   1.44   +89.9  26.61     19   56  195     4  +0.163  -0.310
    fixed 1:5.3                           255   5.30   23.5   15.9     195  +0.375   1.47   +95.6  26.55     19   56  195     4  +0.182  -0.298
    fixed 1:5.4                           258   5.40   23.3   15.6     198  +0.380   1.47   +97.9  26.48     19   56  198     4  +0.184  -0.304
    fixed 1:5.5                           258   5.50   23.3   15.4     198  +0.401   1.50  +103.4  26.41     19   56  198     4  +0.202  -0.295
    fixed 1:5.6                           264   5.60   22.7   15.2     204  +0.389   1.48  +102.8  26.35     19   56  204     4  +0.189  -0.312
    fixed 1:5.7                           269   5.70   21.9   14.9     210  +0.377   1.46  +101.5  27.34     20   56  210     3  +0.173  -0.337
    fixed 1:5.8                           272   5.80   21.7   14.7     213  +0.382   1.46  +103.8  27.28     20   56  213     3  +0.175  -0.343
    fixed 1:5.9                           274   5.90   21.5   14.5     215  +0.391   1.47  +107.2  27.22     20   56  215     3  +0.181  -0.345
    fixed 1:6.0                           282   6.00   20.6   14.3     224  +0.345   1.41   +97.3  27.15     20   55  224     3  +0.132  -0.401
    dynamic strength                      282   5.90   20.9   14.5     223  +0.348   1.42   +98.0  27.16     20   56  223     3  +0.138  -0.387
    dynamic strength_inv                  230   4.22   27.0   19.2     168  +0.309   1.41   +71.2  17.11     16   58  168     4  +0.154  -0.233
    dynamic volatility                    267   5.38   22.5   15.8     207  +0.328   1.41   +87.7  25.71     19   56  207     4  +0.146  -0.311
    dynamic volatility_inv                240   4.79   25.4   17.4     179  +0.350   1.45   +84.0   19.2     17   57  179     4  +0.166  -0.294
  strict sell (keep 2%, sell only) | far_target
    case                               trades  avgRR   win%  need%  losers    avgR     PF    netR  maxDD streak   TP   SL  time  R@0.5p  R@1.5p
    reference 1:1                          23   1.00   78.3   50.0       5  +0.564   4.12   +13.0   1.01      1   18    4     1  +0.523  +0.420
    fixed 1:4.1                            23   4.10   39.1   19.6      14  +0.374   1.68    +8.6    3.5      4    3   11     9  +0.334  +0.231
    fixed 1:4.2                            23   4.20   39.1   19.2      14  +0.388   1.71    +8.9    3.5      4    3   11     9  +0.346  +0.244
    fixed 1:4.3                            23   4.30   39.1   18.9      14  +0.401   1.73    +9.2    3.5      4    3   11     9  +0.359  +0.257
    fixed 1:4.4                            23   4.40   39.1   18.5      14  +0.355   1.65    +8.2    3.5      4    2   11    10  +0.314  +0.212
    fixed 1:4.5                            23   4.50   39.1   18.2      14  +0.364   1.66    +8.4    3.5      4    2   11    10  +0.323  +0.220
    fixed 1:4.6                            23   4.60   39.1   17.9      14  +0.373   1.68    +8.6    3.5      4    2   11    10  +0.332  +0.229
    fixed 1:4.7                            23   4.70   39.1   17.5      14  +0.382   1.70    +8.8    3.5      4    2   11    10  +0.340  +0.238
    fixed 1:4.8                            23   4.80   39.1   17.2      14  +0.390   1.71    +9.0    3.5      4    2   11    10  +0.349  +0.246
    fixed 1:4.9                            23   4.90   39.1   17.0      14  +0.399   1.73    +9.2    3.5      4    2   11    10  +0.358  +0.255
    fixed 1:5.0                            23   5.00   39.1   16.7      14  +0.408   1.74    +9.4    3.5      4    2   11    10  +0.366  +0.264
    fixed 1:5.1                            23   5.10   39.1   16.4      14  +0.416   1.76    +9.6    3.5      4    2   11    10  +0.375  +0.273
    fixed 1:5.2                            23   5.20   39.1   16.1      14  +0.425   1.77    +9.8    3.5      4    2   11    10  +0.384  +0.281
    fixed 1:5.3                            23   5.30   39.1   15.9      14  +0.252   1.46    +5.8    3.5      4    1   11    11  +0.211  +0.108
    fixed 1:5.4                            23   5.40   39.1   15.6      14  +0.257   1.47    +5.9    3.5      4    1   11    11  +0.216  +0.113
    fixed 1:5.5                            23   5.50   39.1   15.4      14  +0.261   1.48    +6.0    3.5      4    1   11    11  +0.220  +0.117
    fixed 1:5.6                            23   5.60   39.1   15.2      14  +0.265   1.48    +6.1    3.5      4    1   11    11  +0.224  +0.121
    fixed 1:5.7                            23   5.70   39.1   14.9      14  +0.270   1.49    +6.2    3.5      4    1   11    11  +0.229  +0.126
    fixed 1:5.8                            23   5.80   39.1   14.7      14  +0.274   1.50    +6.3    3.5      4    1   11    11  +0.233  +0.130
    fixed 1:5.9                            23   5.90   39.1   14.5      14  +0.278   1.51    +6.4    3.5      4    1   11    11  +0.237  +0.135
    fixed 1:6.0                            23   6.00   39.1   14.3      14  +0.283   1.51    +6.5    3.5      4    1   11    11  +0.242  +0.139
    dynamic strength                       23   5.98   39.1   14.3      14  +0.281   1.51    +6.5    3.5      4    1   11    11  +0.239  +0.137
    dynamic strength_inv                   23   4.12   39.1   19.5      14  +0.379   1.69    +8.7    3.5      4    3   11     9  +0.338  +0.235
    dynamic volatility                     23   5.27   39.1   16.0      14  +0.248   1.45    +5.7    3.5      4    1   11    11  +0.207  +0.105
    dynamic volatility_inv                 23   4.83   39.1   17.3      14  +0.366   1.67    +8.4    3.5      4    2   11    10  +0.325  +0.222
  strict sell (keep 2%, sell only) | close_stop
    case                               trades  avgRR   win%  need%  losers    avgR     PF    netR  maxDD streak   TP   SL  time  R@0.5p  R@1.5p
    reference 1:1                          23   1.00   78.3   50.0       5  +0.564   4.12   +13.0   1.01      1   18    4     1  +0.523  +0.420
    fixed 1:4.1                            40   4.10   30.0   19.6      28  +0.383   1.52   +15.3   6.27      6   11   28     1  +0.212  -0.216
    fixed 1:4.2                            41   4.20   29.3   19.2      29  +0.378   1.51   +15.5   6.28      6   11   29     1  +0.205  -0.229
    fixed 1:4.3                            42   4.30   28.6   18.9      30  +0.369   1.50   +15.5   6.28      6   11   30     1  +0.191  -0.254
    fixed 1:4.4                            42   4.40   28.6   18.5      30  +0.395   1.53   +16.6   6.29      6   11   30     1  +0.212  -0.243
    fixed 1:4.5                            42   4.50   28.6   18.2      30  +0.420   1.56   +17.6    6.3      6   11   30     1  +0.233  -0.232
    fixed 1:4.6                            42   4.60   26.2   17.9      31  +0.311   1.40   +13.1  10.14      8   10   31     1  +0.121  -0.355
    fixed 1:4.7                            44   4.70   27.3   17.5      32  +0.401   1.53   +17.6   6.31      6   11   32     1  +0.212  -0.260
    fixed 1:4.8                            44   4.80   27.3   17.2      32  +0.425   1.56   +18.7   6.32      6   11   32     1  +0.232  -0.250
    fixed 1:4.9                            45   4.90   26.7   17.0      33  +0.424   1.55   +19.1   6.32      6   11   33     1  +0.229  -0.258
    fixed 1:5.0                            45   5.00   26.7   16.7      33  +0.448   1.58   +20.1   6.33      6   11   33     1  +0.249  -0.248
    fixed 1:5.1                            46   5.10   26.1   16.4      34  +0.438   1.56   +20.2   6.34      6   11   34     1  +0.235  -0.272
    fixed 1:5.2                            46   5.20   26.1   16.1      34  +0.461   1.59   +21.2   6.34      6   11   34     1  +0.255  -0.263
    fixed 1:5.3                            47   5.30   25.5   15.9      35  +0.452   1.58   +21.2   6.35      6   11   35     1  +0.240  -0.288
    fixed 1:5.4                            47   5.40   23.4   15.6      36  +0.346   1.43   +16.2   6.36      6   10   36     1  +0.130  -0.408
    fixed 1:5.5                            47   5.50   23.4   15.4      36  +0.366   1.45   +17.2   6.36      6   10   36     1  +0.147  -0.402
    fixed 1:5.6                            47   5.60   21.3   15.2      37  +0.247   1.30   +11.6   8.25      7    9   37     1  +0.023  -0.535
    fixed 1:5.7                            47   5.70   21.3   14.9      37  +0.267   1.32   +12.5   8.17      7    9   37     1  +0.039  -0.529
    fixed 1:5.8                            47   5.80   19.1   14.7      38  +0.140   1.16    +6.6  10.52     10    8   38     1  -0.091  -0.669
    fixed 1:5.9                            48   5.90   18.8   14.5      39  +0.132   1.15    +6.3  11.43     11    8   39     1  -0.101  -0.683
    fixed 1:6.0                            49   6.00   18.4   14.3      40  +0.124   1.14    +6.1  11.43     11    8   40     1  -0.114  -0.709
    dynamic strength                       49   5.97   18.4   14.3      40  +0.119   1.14    +5.8  11.42     11    8   40     1  -0.118  -0.711
    dynamic strength_inv                   40   4.12   30.0   19.5      28  +0.390   1.53   +15.6   6.27      6   11   28     1  +0.217  -0.213
    dynamic volatility                     48   5.33   22.9   15.9      37  +0.257   1.32   +12.3   12.3     11   10   37     1  +0.053  -0.456
    dynamic volatility_inv                 42   4.84   28.6   17.2      30  +0.517   1.69   +21.7   6.34      6   11   30     1  +0.311  -0.203

